structured_grid 1.1
label: 
dimensions: 2
niv: 31
njv: 31
nkv: 1
0.000000000000000000e+00 0.000000000000000000e+00 0.000000000000000000e+00
5.000000000000000000e-01 0.000000000000000000e+00 0.000000000000000000e+00
1.000000000000000000e+00 0.000000000000000000e+00 0.000000000000000000e+00
1.500000000000000000e+00 0.000000000000000000e+00 0.000000000000000000e+00
2.000000000000000000e+00 0.000000000000000000e+00 0.000000000000000000e+00
2.500000000000000000e+00 0.000000000000000000e+00 0.000000000000000000e+00
3.000000000000000000e+00 0.000000000000000000e+00 0.000000000000000000e+00
3.500000000000000000e+00 0.000000000000000000e+00 0.000000000000000000e+00
4.000000000000000000e+00 0.000000000000000000e+00 0.000000000000000000e+00
4.500000000000000000e+00 0.000000000000000000e+00 0.000000000000000000e+00
5.000000000000000000e+00 0.000000000000000000e+00 0.000000000000000000e+00
5.500000000000000000e+00 0.000000000000000000e+00 0.000000000000000000e+00
6.000000000000000000e+00 0.000000000000000000e+00 0.000000000000000000e+00
6.500000000000000000e+00 0.000000000000000000e+00 0.000000000000000000e+00
7.000000000000000000e+00 0.000000000000000000e+00 0.000000000000000000e+00
7.500000000000000000e+00 0.000000000000000000e+00 0.000000000000000000e+00
8.000000000000000000e+00 0.000000000000000000e+00 0.000000000000000000e+00
8.500000000000000000e+00 0.000000000000000000e+00 0.000000000000000000e+00
9.000000000000000000e+00 0.000000000000000000e+00 0.000000000000000000e+00
9.500000000000000000e+00 0.000000000000000000e+00 0.000000000000000000e+00
1.000000000000000000e+01 0.000000000000000000e+00 0.000000000000000000e+00
1.050000000000000000e+01 0.000000000000000000e+00 0.000000000000000000e+00
1.100000000000000000e+01 0.000000000000000000e+00 0.000000000000000000e+00
1.150000000000000000e+01 0.000000000000000000e+00 0.000000000000000000e+00
1.200000000000000000e+01 0.000000000000000000e+00 0.000000000000000000e+00
1.250000000000000000e+01 0.000000000000000000e+00 0.000000000000000000e+00
1.300000000000000000e+01 0.000000000000000000e+00 0.000000000000000000e+00
1.350000000000000000e+01 0.000000000000000000e+00 0.000000000000000000e+00
1.400000000000000000e+01 0.000000000000000000e+00 0.000000000000000000e+00
1.450000000000000000e+01 0.000000000000000000e+00 0.000000000000000000e+00
1.500000000000000000e+01 0.000000000000000000e+00 0.000000000000000000e+00
0.000000000000000000e+00 5.000000000000000000e-01 0.000000000000000000e+00
5.000000000000000000e-01 5.000000000000000000e-01 0.000000000000000000e+00
1.000000000000000000e+00 5.000000000000000000e-01 0.000000000000000000e+00
1.499999999999999778e+00 5.000000000000000000e-01 0.000000000000000000e+00
2.000000000000000000e+00 5.000000000000000000e-01 0.000000000000000000e+00
2.500000000000000000e+00 5.000000000000000000e-01 0.000000000000000000e+00
2.999999999999999556e+00 5.000000000000000000e-01 0.000000000000000000e+00
3.500000000000000000e+00 5.000000000000000000e-01 0.000000000000000000e+00
4.000000000000000000e+00 5.000000000000000000e-01 0.000000000000000000e+00
4.500000000000000000e+00 5.000000000000000000e-01 0.000000000000000000e+00
5.000000000000000000e+00 5.000000000000000000e-01 0.000000000000000000e+00
5.500000000000000888e+00 4.999999999999998890e-01 0.000000000000000000e+00
5.999999999999999112e+00 5.000000000000000000e-01 0.000000000000000000e+00
6.499999999999999112e+00 5.000000000000000000e-01 0.000000000000000000e+00
7.000000000000000000e+00 5.000000000000000000e-01 0.000000000000000000e+00
7.500000000000000000e+00 5.000000000000000000e-01 0.000000000000000000e+00
8.000000000000000000e+00 5.000000000000000000e-01 0.000000000000000000e+00
8.500000000000000000e+00 5.000000000000000000e-01 0.000000000000000000e+00
9.000000000000000000e+00 5.000000000000000000e-01 0.000000000000000000e+00
9.500000000000000000e+00 5.000000000000000000e-01 0.000000000000000000e+00
1.000000000000000000e+01 5.000000000000000000e-01 0.000000000000000000e+00
1.050000000000000000e+01 5.000000000000000000e-01 0.000000000000000000e+00
1.100000000000000178e+01 5.000000000000000000e-01 0.000000000000000000e+00
1.150000000000000178e+01 5.000000000000000000e-01 0.000000000000000000e+00
1.199999999999999822e+01 5.000000000000000000e-01 0.000000000000000000e+00
1.250000000000000000e+01 5.000000000000000000e-01 0.000000000000000000e+00
1.299999999999999822e+01 5.000000000000000000e-01 0.000000000000000000e+00
1.350000000000000000e+01 5.000000000000000000e-01 0.000000000000000000e+00
1.400000000000000000e+01 5.000000000000000000e-01 0.000000000000000000e+00
1.450000000000000178e+01 5.000000000000000000e-01 0.000000000000000000e+00
1.500000000000000000e+01 5.000000000000000000e-01 0.000000000000000000e+00
0.000000000000000000e+00 1.000000000000000000e+00 0.000000000000000000e+00
5.000000000000000000e-01 1.000000000000000000e+00 0.000000000000000000e+00
1.000000000000000000e+00 1.000000000000000000e+00 0.000000000000000000e+00
1.499999999999999778e+00 1.000000000000000000e+00 0.000000000000000000e+00
2.000000000000000000e+00 1.000000000000000000e+00 0.000000000000000000e+00
2.500000000000000000e+00 1.000000000000000000e+00 0.000000000000000000e+00
2.999999999999999556e+00 1.000000000000000000e+00 0.000000000000000000e+00
3.499999999999999556e+00 1.000000000000000000e+00 0.000000000000000000e+00
4.000000000000000000e+00 1.000000000000000000e+00 0.000000000000000000e+00
4.500000000000000888e+00 1.000000000000000000e+00 0.000000000000000000e+00
5.000000000000000000e+00 1.000000000000000000e+00 0.000000000000000000e+00
5.500000000000000888e+00 9.999999999999997780e-01 0.000000000000000000e+00
5.999999999999999112e+00 1.000000000000000000e+00 0.000000000000000000e+00
6.500000000000000000e+00 1.000000000000000000e+00 0.000000000000000000e+00
6.999999999999999112e+00 1.000000000000000000e+00 0.000000000000000000e+00
7.500000000000000000e+00 1.000000000000000000e+00 0.000000000000000000e+00
8.000000000000000000e+00 1.000000000000000000e+00 0.000000000000000000e+00
8.500000000000000000e+00 1.000000000000000000e+00 0.000000000000000000e+00
9.000000000000001776e+00 1.000000000000000000e+00 0.000000000000000000e+00
9.500000000000000000e+00 1.000000000000000000e+00 0.000000000000000000e+00
1.000000000000000000e+01 1.000000000000000000e+00 0.000000000000000000e+00
1.050000000000000000e+01 1.000000000000000000e+00 0.000000000000000000e+00
1.100000000000000178e+01 1.000000000000000000e+00 0.000000000000000000e+00
1.150000000000000000e+01 1.000000000000000000e+00 0.000000000000000000e+00
1.199999999999999822e+01 1.000000000000000000e+00 0.000000000000000000e+00
1.250000000000000000e+01 1.000000000000000000e+00 0.000000000000000000e+00
1.300000000000000000e+01 1.000000000000000000e+00 0.000000000000000000e+00
1.350000000000000000e+01 1.000000000000000000e+00 0.000000000000000000e+00
1.399999999999999822e+01 1.000000000000000000e+00 0.000000000000000000e+00
1.450000000000000000e+01 1.000000000000000000e+00 0.000000000000000000e+00
1.500000000000000000e+01 1.000000000000000000e+00 0.000000000000000000e+00
0.000000000000000000e+00 1.500000000000000000e+00 0.000000000000000000e+00
5.000000000000000000e-01 1.499999999999999778e+00 0.000000000000000000e+00
1.000000000000000000e+00 1.499999999999999778e+00 0.000000000000000000e+00
1.500000000000000000e+00 1.500000000000000000e+00 0.000000000000000000e+00
2.000000000000000000e+00 1.500000000000000000e+00 0.000000000000000000e+00
2.500000000000000000e+00 1.499999999999999778e+00 0.000000000000000000e+00
3.000000000000000000e+00 1.499999999999999778e+00 0.000000000000000000e+00
3.500000000000000444e+00 1.499999999999999556e+00 0.000000000000000000e+00
4.000000000000000000e+00 1.500000000000000000e+00 0.000000000000000000e+00
4.500000000000000888e+00 1.500000000000000222e+00 0.000000000000000000e+00
5.000000000000000000e+00 1.499999999999999778e+00 0.000000000000000000e+00
5.500000000000000888e+00 1.500000000000000000e+00 0.000000000000000000e+00
6.000000000000000000e+00 1.500000000000000000e+00 0.000000000000000000e+00
6.499999999999999112e+00 1.500000000000000000e+00 0.000000000000000000e+00
7.000000000000000888e+00 1.500000000000000000e+00 0.000000000000000000e+00
7.500000000000000000e+00 1.500000000000000000e+00 0.000000000000000000e+00
8.000000000000000000e+00 1.500000000000000000e+00 0.000000000000000000e+00
8.500000000000000000e+00 1.500000000000000000e+00 0.000000000000000000e+00
9.000000000000001776e+00 1.500000000000000000e+00 0.000000000000000000e+00
9.500000000000001776e+00 1.499999999999999778e+00 0.000000000000000000e+00
1.000000000000000000e+01 1.500000000000000000e+00 0.000000000000000000e+00
1.050000000000000000e+01 1.500000000000000000e+00 0.000000000000000000e+00
1.100000000000000178e+01 1.499999999999999778e+00 0.000000000000000000e+00
1.150000000000000000e+01 1.500000000000000000e+00 0.000000000000000000e+00
1.200000000000000000e+01 1.500000000000000000e+00 0.000000000000000000e+00
1.250000000000000000e+01 1.499999999999999778e+00 0.000000000000000000e+00
1.299999999999999822e+01 1.500000000000000000e+00 0.000000000000000000e+00
1.350000000000000000e+01 1.500000000000000000e+00 0.000000000000000000e+00
1.400000000000000178e+01 1.499999999999999778e+00 0.000000000000000000e+00
1.450000000000000000e+01 1.499999999999999778e+00 0.000000000000000000e+00
1.500000000000000000e+01 1.500000000000000000e+00 0.000000000000000000e+00
0.000000000000000000e+00 2.000000000000000000e+00 0.000000000000000000e+00
5.000000000000000000e-01 2.000000000000000000e+00 0.000000000000000000e+00
1.000000000000000000e+00 2.000000000000000000e+00 0.000000000000000000e+00
1.500000000000000000e+00 2.000000000000000000e+00 0.000000000000000000e+00
2.000000000000000000e+00 2.000000000000000000e+00 0.000000000000000000e+00
2.500000000000000000e+00 2.000000000000000000e+00 0.000000000000000000e+00
3.000000000000000000e+00 2.000000000000000000e+00 0.000000000000000000e+00
3.500000000000000000e+00 2.000000000000000000e+00 0.000000000000000000e+00
4.000000000000000000e+00 2.000000000000000000e+00 0.000000000000000000e+00
4.500000000000000000e+00 2.000000000000000000e+00 0.000000000000000000e+00
5.000000000000000000e+00 2.000000000000000000e+00 0.000000000000000000e+00
5.500000000000000000e+00 1.999999999999999556e+00 0.000000000000000000e+00
6.000000000000000000e+00 2.000000000000000000e+00 0.000000000000000000e+00
6.500000000000000000e+00 2.000000000000000000e+00 0.000000000000000000e+00
7.000000000000000000e+00 2.000000000000000000e+00 0.000000000000000000e+00
7.500000000000000000e+00 2.000000000000000000e+00 0.000000000000000000e+00
8.000000000000000000e+00 2.000000000000000000e+00 0.000000000000000000e+00
8.500000000000000000e+00 2.000000000000000000e+00 0.000000000000000000e+00
9.000000000000000000e+00 2.000000000000000000e+00 0.000000000000000000e+00
9.500000000000000000e+00 2.000000000000000000e+00 0.000000000000000000e+00
1.000000000000000000e+01 2.000000000000000000e+00 0.000000000000000000e+00
1.050000000000000000e+01 2.000000000000000000e+00 0.000000000000000000e+00
1.100000000000000000e+01 2.000000000000000000e+00 0.000000000000000000e+00
1.150000000000000178e+01 2.000000000000000000e+00 0.000000000000000000e+00
1.200000000000000000e+01 2.000000000000000000e+00 0.000000000000000000e+00
1.250000000000000355e+01 2.000000000000000000e+00 0.000000000000000000e+00
1.300000000000000000e+01 2.000000000000000000e+00 0.000000000000000000e+00
1.350000000000000000e+01 2.000000000000000000e+00 0.000000000000000000e+00
1.400000000000000000e+01 2.000000000000000000e+00 0.000000000000000000e+00
1.450000000000000000e+01 2.000000000000000000e+00 0.000000000000000000e+00
1.500000000000000000e+01 2.000000000000000000e+00 0.000000000000000000e+00
0.000000000000000000e+00 2.500000000000000000e+00 0.000000000000000000e+00
5.000000000000000000e-01 2.499999999999999112e+00 0.000000000000000000e+00
1.000000000000000000e+00 2.500000000000000888e+00 0.000000000000000000e+00
1.499999999999999778e+00 2.500000000000000000e+00 0.000000000000000000e+00
2.000000000000000000e+00 2.500000000000000000e+00 0.000000000000000000e+00
2.500000000000000000e+00 2.500000000000000888e+00 0.000000000000000000e+00
2.999999999999999556e+00 2.500000000000000000e+00 0.000000000000000000e+00
3.500000000000000000e+00 2.499999999999999112e+00 0.000000000000000000e+00
4.000000000000000000e+00 2.500000000000000444e+00 0.000000000000000000e+00
4.500000000000000000e+00 2.500000000000000444e+00 0.000000000000000000e+00
5.000000000000000000e+00 2.500000000000001776e+00 0.000000000000000000e+00
5.500000000000000888e+00 2.499999999999999112e+00 0.000000000000000000e+00
5.999999999999999112e+00 2.500000000000000000e+00 0.000000000000000000e+00
6.499999999999999112e+00 2.500000000000000000e+00 0.000000000000000000e+00
7.000000000000000000e+00 2.500000000000000000e+00 0.000000000000000000e+00
7.500000000000000000e+00 2.500000000000000000e+00 0.000000000000000000e+00
8.000000000000000000e+00 2.500000000000000000e+00 0.000000000000000000e+00
8.500000000000000000e+00 2.500000000000000000e+00 0.000000000000000000e+00
9.000000000000000000e+00 2.500000000000000000e+00 0.000000000000000000e+00
9.500000000000000000e+00 2.500000000000000000e+00 0.000000000000000000e+00
1.000000000000000533e+01 2.500000000000000000e+00 0.000000000000000000e+00
1.050000000000000355e+01 2.500000000000000000e+00 0.000000000000000000e+00
1.100000000000000000e+01 2.500000000000000000e+00 0.000000000000000000e+00
1.150000000000000178e+01 2.499999999999999556e+00 0.000000000000000000e+00
1.199999999999999822e+01 2.500000000000000000e+00 0.000000000000000000e+00
1.250000000000000000e+01 2.500000000000000000e+00 0.000000000000000000e+00
1.299999999999999822e+01 2.500000000000000000e+00 0.000000000000000000e+00
1.350000000000000000e+01 2.500000000000000000e+00 0.000000000000000000e+00
1.400000000000000000e+01 2.500000000000000000e+00 0.000000000000000000e+00
1.450000000000000000e+01 2.500000000000000000e+00 0.000000000000000000e+00
1.500000000000000000e+01 2.500000000000000000e+00 0.000000000000000000e+00
0.000000000000000000e+00 3.000000000000000000e+00 0.000000000000000000e+00
5.000000000000000000e-01 2.999999999999999556e+00 0.000000000000000000e+00
1.000000000000000000e+00 2.999999999999999556e+00 0.000000000000000000e+00
1.500000000000000222e+00 3.000000000000000000e+00 0.000000000000000000e+00
2.000000000000000000e+00 3.000000000000000000e+00 0.000000000000000000e+00
2.500000000000000000e+00 2.999999999999999556e+00 0.000000000000000000e+00
3.000000000000000444e+00 3.000000000000000444e+00 0.000000000000000000e+00
3.500000000000000000e+00 2.999999999999999112e+00 0.000000000000000000e+00
4.000000000000000000e+00 3.000000000000000000e+00 0.000000000000000000e+00
4.500000000000000000e+00 2.999999999999999556e+00 0.000000000000000000e+00
5.000000000000000000e+00 2.999999999999999556e+00 0.000000000000000000e+00
5.499999999999998224e+00 2.999999999999999556e+00 0.000000000000000000e+00
6.000000000000000888e+00 3.000000000000000000e+00 0.000000000000000000e+00
6.500000000000000000e+00 3.000000000000000000e+00 0.000000000000000000e+00
6.999999999999999112e+00 3.000000000000000000e+00 0.000000000000000000e+00
7.500000000000000000e+00 3.000000000000000000e+00 0.000000000000000000e+00
8.000000000000000000e+00 3.000000000000000000e+00 0.000000000000000000e+00
8.500000000000000000e+00 3.000000000000000000e+00 0.000000000000000000e+00
9.000000000000000000e+00 3.000000000000000000e+00 0.000000000000000000e+00
9.500000000000003553e+00 3.000000000000000000e+00 0.000000000000000000e+00
1.000000000000000000e+01 3.000000000000000000e+00 0.000000000000000000e+00
1.050000000000000178e+01 3.000000000000000000e+00 0.000000000000000000e+00
1.099999999999999645e+01 2.999999999999999556e+00 0.000000000000000000e+00
1.150000000000000000e+01 3.000000000000000000e+00 0.000000000000000000e+00
1.200000000000000178e+01 3.000000000000000000e+00 0.000000000000000000e+00
1.250000000000000000e+01 2.999999999999999556e+00 0.000000000000000000e+00
1.300000000000000000e+01 3.000000000000000000e+00 0.000000000000000000e+00
1.350000000000000355e+01 2.999999999999999556e+00 0.000000000000000000e+00
1.399999999999999822e+01 3.000000000000000000e+00 0.000000000000000000e+00
1.450000000000000178e+01 3.000000000000000000e+00 0.000000000000000000e+00
1.500000000000000000e+01 3.000000000000000000e+00 0.000000000000000000e+00
0.000000000000000000e+00 3.500000000000000000e+00 0.000000000000000000e+00
5.000000000000000000e-01 3.499999999999999112e+00 0.000000000000000000e+00
1.000000000000000000e+00 3.499999999999999556e+00 0.000000000000000000e+00
1.499999999999999112e+00 3.499999999999999556e+00 0.000000000000000000e+00
2.000000000000000000e+00 3.500000000000000000e+00 0.000000000000000000e+00
2.500000000000000000e+00 3.500000000000000000e+00 0.000000000000000000e+00
2.999999999999998224e+00 3.500000000000000888e+00 0.000000000000000000e+00
3.500000000000000000e+00 3.500000000000000000e+00 0.000000000000000000e+00
4.000000000000000000e+00 3.500000000000000000e+00 0.000000000000000000e+00
4.500000000000000000e+00 3.499999999999999112e+00 0.000000000000000000e+00
5.000000000000000000e+00 3.500000000000000888e+00 0.000000000000000000e+00
5.500000000000000000e+00 3.500000000000000000e+00 0.000000000000000000e+00
5.999999999999996447e+00 3.500000000000000000e+00 0.000000000000000000e+00
6.499999999999999112e+00 3.500000000000000000e+00 0.000000000000000000e+00
7.000000000000000000e+00 3.500000000000000000e+00 0.000000000000000000e+00
7.500000000000000000e+00 3.500000000000000000e+00 0.000000000000000000e+00
8.000000000000000000e+00 3.500000000000000000e+00 0.000000000000000000e+00
8.500000000000001776e+00 3.500000000000000000e+00 0.000000000000000000e+00
9.000000000000000000e+00 3.500000000000000000e+00 0.000000000000000000e+00
9.500000000000000000e+00 3.500000000000000000e+00 0.000000000000000000e+00
1.000000000000000000e+01 3.499999999999999556e+00 0.000000000000000000e+00
1.050000000000000000e+01 3.500000000000000000e+00 0.000000000000000000e+00
1.100000000000000000e+01 3.500000000000000000e+00 0.000000000000000000e+00
1.150000000000000000e+01 3.500000000000000000e+00 0.000000000000000000e+00
1.199999999999999289e+01 3.500000000000000000e+00 0.000000000000000000e+00
1.249999999999999645e+01 3.500000000000000444e+00 0.000000000000000000e+00
1.299999999999999822e+01 3.500000000000000000e+00 0.000000000000000000e+00
1.349999999999999467e+01 3.500000000000000000e+00 0.000000000000000000e+00
1.400000000000000000e+01 3.499999999999999556e+00 0.000000000000000000e+00
1.449999999999999645e+01 3.500000000000000000e+00 0.000000000000000000e+00
1.500000000000000000e+01 3.500000000000000000e+00 0.000000000000000000e+00
0.000000000000000000e+00 4.000000000000000000e+00 0.000000000000000000e+00
5.000000000000000000e-01 4.000000000000000000e+00 0.000000000000000000e+00
1.000000000000000000e+00 4.000000000000000000e+00 0.000000000000000000e+00
1.500000000000000444e+00 4.000000000000000000e+00 0.000000000000000000e+00
2.000000000000000000e+00 4.000000000000000000e+00 0.000000000000000000e+00
2.500000000000000444e+00 3.999999999999999112e+00 0.000000000000000000e+00
3.000000000000000888e+00 3.999999999999999112e+00 0.000000000000000000e+00
3.500000000000000000e+00 4.000000000000000000e+00 0.000000000000000000e+00
4.000000000000000000e+00 4.000000000000000000e+00 0.000000000000000000e+00
4.500000000000000000e+00 4.000000000000000000e+00 0.000000000000000000e+00
5.000000000000000888e+00 4.000000000000000000e+00 0.000000000000000000e+00
5.499999999999999112e+00 3.999999999999999112e+00 0.000000000000000000e+00
6.000000000000001776e+00 4.000000000000000000e+00 0.000000000000000000e+00
6.500000000000000000e+00 4.000000000000000000e+00 0.000000000000000000e+00
7.000000000000000000e+00 4.000000000000000000e+00 0.000000000000000000e+00
7.500000000000000000e+00 4.000000000000000000e+00 0.000000000000000000e+00
8.000000000000000000e+00 4.000000000000000000e+00 0.000000000000000000e+00
8.500000000000000000e+00 4.000000000000000000e+00 0.000000000000000000e+00
9.000000000000000000e+00 4.000000000000000000e+00 0.000000000000000000e+00
9.500000000000000000e+00 4.000000000000000000e+00 0.000000000000000000e+00
1.000000000000000178e+01 4.000000000000000000e+00 0.000000000000000000e+00
1.050000000000000000e+01 4.000000000000000000e+00 0.000000000000000000e+00
1.099999999999999822e+01 4.000000000000000000e+00 0.000000000000000000e+00
1.150000000000000000e+01 4.000000000000000000e+00 0.000000000000000000e+00
1.200000000000000355e+01 4.000000000000000000e+00 0.000000000000000000e+00
1.249999999999999822e+01 4.000000000000000000e+00 0.000000000000000000e+00
1.300000000000000000e+01 4.000000000000000000e+00 0.000000000000000000e+00
1.350000000000000000e+01 4.000000000000000000e+00 0.000000000000000000e+00
1.400000000000000000e+01 4.000000000000000000e+00 0.000000000000000000e+00
1.450000000000000000e+01 4.000000000000000000e+00 0.000000000000000000e+00
1.500000000000000000e+01 4.000000000000000000e+00 0.000000000000000000e+00
0.000000000000000000e+00 4.500000000000000000e+00 0.000000000000000000e+00
5.000000000000000000e-01 4.500000000000000000e+00 0.000000000000000000e+00
1.000000000000000000e+00 4.500000000000000888e+00 0.000000000000000000e+00
1.499999999999999778e+00 4.499999999999999112e+00 0.000000000000000000e+00
2.000000000000000000e+00 4.500000000000000000e+00 0.000000000000000000e+00
2.500000000000000444e+00 4.500000000000000000e+00 0.000000000000000000e+00
2.999999999999999556e+00 4.500000000000000000e+00 0.000000000000000000e+00
3.500000000000000000e+00 4.500000000000000000e+00 0.000000000000000000e+00
4.000000000000000000e+00 4.500000000000000000e+00 0.000000000000000000e+00
4.500000000000000000e+00 4.500000000000000000e+00 0.000000000000000000e+00
5.000000000000000888e+00 4.500000000000000000e+00 0.000000000000000000e+00
5.500000000000000888e+00 4.499999999999997335e+00 0.000000000000000000e+00
5.999999999999999112e+00 4.500000000000000000e+00 0.000000000000000000e+00
6.500000000000000000e+00 4.500000000000000000e+00 0.000000000000000000e+00
7.000000000000000000e+00 4.500000000000000000e+00 0.000000000000000000e+00
7.500000000000000000e+00 4.500000000000000000e+00 0.000000000000000000e+00
8.000000000000000000e+00 4.500000000000000000e+00 0.000000000000000000e+00
8.500000000000000000e+00 4.500000000000000000e+00 0.000000000000000000e+00
9.000000000000000000e+00 4.500000000000000000e+00 0.000000000000000000e+00
9.500000000000000000e+00 4.500000000000000000e+00 0.000000000000000000e+00
1.000000000000000178e+01 4.500000000000000000e+00 0.000000000000000000e+00
1.050000000000000178e+01 4.500000000000000000e+00 0.000000000000000000e+00
1.100000000000000000e+01 4.500000000000000000e+00 0.000000000000000000e+00
1.150000000000000178e+01 4.500000000000000000e+00 0.000000000000000000e+00
1.199999999999999822e+01 4.500000000000000000e+00 0.000000000000000000e+00
1.250000000000000000e+01 4.500000000000000000e+00 0.000000000000000000e+00
1.300000000000000000e+01 4.500000000000000000e+00 0.000000000000000000e+00
1.350000000000000000e+01 4.499999999999999112e+00 0.000000000000000000e+00
1.400000000000000000e+01 4.500000000000000888e+00 0.000000000000000000e+00
1.449999999999999822e+01 4.500000000000000000e+00 0.000000000000000000e+00
1.500000000000000000e+01 4.500000000000000000e+00 0.000000000000000000e+00
0.000000000000000000e+00 5.000000000000000000e+00 0.000000000000000000e+00
5.000000000000000000e-01 4.999999999999998224e+00 0.000000000000000000e+00
1.000000000000000000e+00 5.000000000000001776e+00 0.000000000000000000e+00
1.499999999999999778e+00 5.000000000000000000e+00 0.000000000000000000e+00
2.000000000000000000e+00 5.000000000000000000e+00 0.000000000000000000e+00
2.500000000000000888e+00 5.000000000000001776e+00 0.000000000000000000e+00
2.999999999999999556e+00 5.000000000000000000e+00 0.000000000000000000e+00
3.500000000000000888e+00 4.999999999999998224e+00 0.000000000000000000e+00
4.000000000000000000e+00 5.000000000000000888e+00 0.000000000000000000e+00
4.500000000000000000e+00 5.000000000000000888e+00 0.000000000000000000e+00
5.000000000000001776e+00 5.000000000000003553e+00 0.000000000000000000e+00
5.500000000000000000e+00 5.000000000000000000e+00 0.000000000000000000e+00
5.999999999999999112e+00 5.000000000000000000e+00 0.000000000000000000e+00
6.500000000000000000e+00 5.000000000000000000e+00 0.000000000000000000e+00
7.000000000000001776e+00 5.000000000000000000e+00 0.000000000000000000e+00
7.500000000000000888e+00 5.000000000000000000e+00 0.000000000000000000e+00
8.000000000000000000e+00 5.000000000000000000e+00 0.000000000000000000e+00
8.500000000000000000e+00 5.000000000000000000e+00 0.000000000000000000e+00
9.000000000000000000e+00 5.000000000000000000e+00 0.000000000000000000e+00
9.500000000000000000e+00 5.000000000000000000e+00 0.000000000000000000e+00
1.000000000000000533e+01 5.000000000000000000e+00 0.000000000000000000e+00
1.050000000000000000e+01 5.000000000000000000e+00 0.000000000000000000e+00
1.099999999999999822e+01 5.000000000000000000e+00 0.000000000000000000e+00
1.150000000000000000e+01 4.999999999999999112e+00 0.000000000000000000e+00
1.199999999999999822e+01 5.000000000000000000e+00 0.000000000000000000e+00
1.250000000000000355e+01 5.000000000000000000e+00 0.000000000000000000e+00
1.300000000000000000e+01 5.000000000000000000e+00 0.000000000000000000e+00
1.350000000000000355e+01 5.000000000000000000e+00 0.000000000000000000e+00
1.400000000000000355e+01 5.000000000000000000e+00 0.000000000000000000e+00
1.450000000000000000e+01 5.000000000000000000e+00 0.000000000000000000e+00
1.500000000000000178e+01 5.000000000000000000e+00 0.000000000000000000e+00
0.000000000000000000e+00 5.500000000000000000e+00 0.000000000000000000e+00
4.999999999999998890e-01 5.500000000000000888e+00 0.000000000000000000e+00
9.999999999999997780e-01 5.500000000000000888e+00 0.000000000000000000e+00
1.500000000000000000e+00 5.500000000000000888e+00 0.000000000000000000e+00
1.999999999999999556e+00 5.499999999999998224e+00 0.000000000000000000e+00
2.500000000000000000e+00 5.500000000000000888e+00 0.000000000000000000e+00
2.999999999999999556e+00 5.499999999999998224e+00 0.000000000000000000e+00
3.500000000000000000e+00 5.500000000000000000e+00 0.000000000000000000e+00
3.999999999999999112e+00 5.499999999999999112e+00 0.000000000000000000e+00
4.499999999999997335e+00 5.500000000000002665e+00 0.000000000000000000e+00
5.000000000000000000e+00 5.500000000000000000e+00 0.000000000000000000e+00
5.500000000000000000e+00 5.500000000000000000e+00 0.000000000000000000e+00
6.000000000000000000e+00 5.500000000000000000e+00 0.000000000000000000e+00
6.500000000000000000e+00 5.500000000000000000e+00 0.000000000000000000e+00
7.000000000000000000e+00 5.500000000000000000e+00 0.000000000000000000e+00
7.500000000000000000e+00 5.500000000000000000e+00 0.000000000000000000e+00
7.999999999999998224e+00 5.500000000000000000e+00 0.000000000000000000e+00
8.500000000000000000e+00 5.500000000000000000e+00 0.000000000000000000e+00
8.999999999999994671e+00 5.500000000000000000e+00 0.000000000000000000e+00
9.500000000000000000e+00 5.500000000000000000e+00 0.000000000000000000e+00
1.000000000000000000e+01 5.500000000000000000e+00 0.000000000000000000e+00
1.050000000000000000e+01 5.500000000000000000e+00 0.000000000000000000e+00
1.099999999999999645e+01 5.500000000000000888e+00 0.000000000000000000e+00
1.150000000000000000e+01 5.499999999999999112e+00 0.000000000000000000e+00
1.200000000000000000e+01 5.500000000000000000e+00 0.000000000000000000e+00
1.249999999999999467e+01 5.500000000000000000e+00 0.000000000000000000e+00
1.300000000000000000e+01 5.500000000000000000e+00 0.000000000000000000e+00
1.350000000000000000e+01 5.500000000000000000e+00 0.000000000000000000e+00
1.400000000000000000e+01 5.500000000000000888e+00 0.000000000000000000e+00
1.449999999999999645e+01 5.500000000000000888e+00 0.000000000000000000e+00
1.500000000000000000e+01 5.500000000000000000e+00 0.000000000000000000e+00
0.000000000000000000e+00 6.000000000000000000e+00 0.000000000000000000e+00
5.000000000000000000e-01 5.999999999999999112e+00 0.000000000000000000e+00
1.000000000000000000e+00 5.999999999999999112e+00 0.000000000000000000e+00
1.500000000000000000e+00 6.000000000000000000e+00 0.000000000000000000e+00
2.000000000000000000e+00 6.000000000000000000e+00 0.000000000000000000e+00
2.500000000000000000e+00 5.999999999999999112e+00 0.000000000000000000e+00
3.000000000000000000e+00 5.999999999999999112e+00 0.000000000000000000e+00
3.500000000000000000e+00 5.999999999999998224e+00 0.000000000000000000e+00
4.000000000000000000e+00 6.000000000000000000e+00 0.000000000000000000e+00
4.500000000000000000e+00 5.999999999999999112e+00 0.000000000000000000e+00
5.000000000000000000e+00 5.999999999999999112e+00 0.000000000000000000e+00
5.500000000000000000e+00 6.000000000000000000e+00 0.000000000000000000e+00
6.000000000000000000e+00 6.000000000000000000e+00 0.000000000000000000e+00
6.500000000000000000e+00 6.000000000000000000e+00 0.000000000000000000e+00
7.000000000000000000e+00 6.000000000000000000e+00 0.000000000000000000e+00
7.500000000000000000e+00 6.000000000000000000e+00 0.000000000000000000e+00
8.000000000000000000e+00 6.000000000000000000e+00 0.000000000000000000e+00
8.500000000000000000e+00 6.000000000000000000e+00 0.000000000000000000e+00
9.000000000000000000e+00 6.000000000000000000e+00 0.000000000000000000e+00
9.500000000000000000e+00 5.999999999999999112e+00 0.000000000000000000e+00
1.000000000000000000e+01 6.000000000000000000e+00 0.000000000000000000e+00
1.050000000000000000e+01 6.000000000000000000e+00 0.000000000000000000e+00
1.100000000000000000e+01 5.999999999999999112e+00 0.000000000000000000e+00
1.150000000000000000e+01 6.000000000000000000e+00 0.000000000000000000e+00
1.200000000000000000e+01 6.000000000000000000e+00 0.000000000000000000e+00
1.250000000000000000e+01 5.999999999999999112e+00 0.000000000000000000e+00
1.300000000000000000e+01 6.000000000000000000e+00 0.000000000000000000e+00
1.350000000000000355e+01 5.999999999999999112e+00 0.000000000000000000e+00
1.400000000000000000e+01 6.000000000000000000e+00 0.000000000000000000e+00
1.450000000000000000e+01 5.999999999999999112e+00 0.000000000000000000e+00
1.500000000000000000e+01 6.000000000000000000e+00 0.000000000000000000e+00
0.000000000000000000e+00 6.500000000000000000e+00 0.000000000000000000e+00
5.000000000000000000e-01 6.499999999999999112e+00 0.000000000000000000e+00
1.000000000000000000e+00 6.500000000000000000e+00 0.000000000000000000e+00
1.500000000000000000e+00 6.500000000000000888e+00 0.000000000000000000e+00
2.000000000000000000e+00 6.500000000000000000e+00 0.000000000000000000e+00
2.500000000000000000e+00 6.500000000000000888e+00 0.000000000000000000e+00
3.000000000000000000e+00 6.500000000000000000e+00 0.000000000000000000e+00
3.500000000000000000e+00 6.499999999999997335e+00 0.000000000000000000e+00
4.000000000000000000e+00 6.500000000000001776e+00 0.000000000000000000e+00
4.500000000000000000e+00 6.500000000000000000e+00 0.000000000000000000e+00
5.000000000000000000e+00 6.500000000000001776e+00 0.000000000000000000e+00
5.500000000000000000e+00 6.500000000000000000e+00 0.000000000000000000e+00
6.000000000000000000e+00 6.500000000000000000e+00 0.000000000000000000e+00
6.500000000000000000e+00 6.500000000000000000e+00 0.000000000000000000e+00
7.000000000000000000e+00 6.500000000000000000e+00 0.000000000000000000e+00
7.500000000000000000e+00 6.500000000000000000e+00 0.000000000000000000e+00
8.000000000000000000e+00 6.500000000000000000e+00 0.000000000000000000e+00
8.500000000000000000e+00 6.500000000000000000e+00 0.000000000000000000e+00
9.000000000000000000e+00 6.500000000000000000e+00 0.000000000000000000e+00
9.500000000000000000e+00 6.500000000000000000e+00 0.000000000000000000e+00
1.000000000000000000e+01 6.500000000000000000e+00 0.000000000000000000e+00
1.050000000000000000e+01 6.500000000000000000e+00 0.000000000000000000e+00
1.100000000000000000e+01 6.500000000000000000e+00 0.000000000000000000e+00
1.150000000000000178e+01 6.500000000000000000e+00 0.000000000000000000e+00
1.200000000000000000e+01 6.500000000000000000e+00 0.000000000000000000e+00
1.250000000000000000e+01 6.499999999999999112e+00 0.000000000000000000e+00
1.300000000000000000e+01 6.500000000000000000e+00 0.000000000000000000e+00
1.350000000000000000e+01 6.500000000000000000e+00 0.000000000000000000e+00
1.400000000000000000e+01 6.500000000000000000e+00 0.000000000000000000e+00
1.449999999999999822e+01 6.499999999999999112e+00 0.000000000000000000e+00
1.500000000000000000e+01 6.500000000000000000e+00 0.000000000000000000e+00
0.000000000000000000e+00 7.000000000000000000e+00 0.000000000000000000e+00
5.000000000000000000e-01 6.999999999999998224e+00 0.000000000000000000e+00
1.000000000000000000e+00 6.999999999999999112e+00 0.000000000000000000e+00
1.500000000000000000e+00 6.999999999999999112e+00 0.000000000000000000e+00
2.000000000000000000e+00 7.000000000000000000e+00 0.000000000000000000e+00
2.500000000000000000e+00 7.000000000000000000e+00 0.000000000000000000e+00
3.000000000000000000e+00 7.000000000000000888e+00 0.000000000000000000e+00
3.500000000000000000e+00 7.000000000000000000e+00 0.000000000000000000e+00
4.000000000000000000e+00 7.000000000000000000e+00 0.000000000000000000e+00
4.500000000000000000e+00 6.999999999999998224e+00 0.000000000000000000e+00
5.000000000000000000e+00 7.000000000000001776e+00 0.000000000000000000e+00
5.500000000000000000e+00 7.000000000000000000e+00 0.000000000000000000e+00
6.000000000000000000e+00 7.000000000000000000e+00 0.000000000000000000e+00
6.500000000000000000e+00 7.000000000000000000e+00 0.000000000000000000e+00
7.000000000000000000e+00 7.000000000000000000e+00 0.000000000000000000e+00
7.500000000000000000e+00 7.000000000000000000e+00 0.000000000000000000e+00
8.000000000000000000e+00 7.000000000000000000e+00 0.000000000000000000e+00
8.500000000000000000e+00 7.000000000000000000e+00 0.000000000000000000e+00
9.000000000000000000e+00 7.000000000000000000e+00 0.000000000000000000e+00
9.500000000000000000e+00 7.000000000000000000e+00 0.000000000000000000e+00
1.000000000000000000e+01 6.999999999999999112e+00 0.000000000000000000e+00
1.050000000000000000e+01 7.000000000000000000e+00 0.000000000000000000e+00
1.100000000000000000e+01 7.000000000000000000e+00 0.000000000000000000e+00
1.150000000000000000e+01 7.000000000000000000e+00 0.000000000000000000e+00
1.200000000000000000e+01 7.000000000000000000e+00 0.000000000000000000e+00
1.250000000000000000e+01 7.000000000000000000e+00 0.000000000000000000e+00
1.300000000000000000e+01 7.000000000000000000e+00 0.000000000000000000e+00
1.350000000000000000e+01 6.999999999999999112e+00 0.000000000000000000e+00
1.400000000000000000e+01 6.999999999999999112e+00 0.000000000000000000e+00
1.450000000000000000e+01 7.000000000000000000e+00 0.000000000000000000e+00
1.500000000000000000e+01 7.000000000000000000e+00 0.000000000000000000e+00
0.000000000000000000e+00 7.500000000000000000e+00 0.000000000000000000e+00
5.000000000000000000e-01 7.500000000000000000e+00 0.000000000000000000e+00
1.000000000000000000e+00 7.500000000000000000e+00 0.000000000000000000e+00
1.500000000000000000e+00 7.500000000000000000e+00 0.000000000000000000e+00
2.000000000000000000e+00 7.500000000000000000e+00 0.000000000000000000e+00
2.500000000000000000e+00 7.500000000000000000e+00 0.000000000000000000e+00
3.000000000000000000e+00 7.500000000000000000e+00 0.000000000000000000e+00
3.500000000000000000e+00 7.500000000000000000e+00 0.000000000000000000e+00
4.000000000000000000e+00 7.500000000000000000e+00 0.000000000000000000e+00
4.500000000000000000e+00 7.500000000000000000e+00 0.000000000000000000e+00
5.000000000000000000e+00 7.500000000000000888e+00 0.000000000000000000e+00
5.500000000000000000e+00 7.500000000000000000e+00 0.000000000000000000e+00
6.000000000000000000e+00 7.500000000000000000e+00 0.000000000000000000e+00
6.500000000000000000e+00 7.500000000000000000e+00 0.000000000000000000e+00
7.000000000000000000e+00 7.500000000000000000e+00 0.000000000000000000e+00
7.500000000000000000e+00 7.500000000000000000e+00 0.000000000000000000e+00
8.000000000000000000e+00 7.500000000000000000e+00 0.000000000000000000e+00
8.500000000000000000e+00 7.500000000000000000e+00 0.000000000000000000e+00
9.000000000000000000e+00 7.500000000000000000e+00 0.000000000000000000e+00
9.500000000000000000e+00 7.500000000000000000e+00 0.000000000000000000e+00
1.000000000000000000e+01 7.500000000000000000e+00 0.000000000000000000e+00
1.050000000000000000e+01 7.500000000000000000e+00 0.000000000000000000e+00
1.100000000000000000e+01 7.500000000000000000e+00 0.000000000000000000e+00
1.150000000000000000e+01 7.500000000000000000e+00 0.000000000000000000e+00
1.200000000000000000e+01 7.500000000000000000e+00 0.000000000000000000e+00
1.250000000000000000e+01 7.500000000000000000e+00 0.000000000000000000e+00
1.300000000000000000e+01 7.500000000000000000e+00 0.000000000000000000e+00
1.350000000000000000e+01 7.500000000000000000e+00 0.000000000000000000e+00
1.400000000000000000e+01 7.500000000000000000e+00 0.000000000000000000e+00
1.450000000000000000e+01 7.500000000000000000e+00 0.000000000000000000e+00
1.500000000000000000e+01 7.500000000000000000e+00 0.000000000000000000e+00
0.000000000000000000e+00 8.000000000000000000e+00 0.000000000000000000e+00
5.000000000000000000e-01 8.000000000000000000e+00 0.000000000000000000e+00
1.000000000000000000e+00 8.000000000000000000e+00 0.000000000000000000e+00
1.500000000000000000e+00 8.000000000000000000e+00 0.000000000000000000e+00
2.000000000000000000e+00 8.000000000000000000e+00 0.000000000000000000e+00
2.500000000000000000e+00 8.000000000000000000e+00 0.000000000000000000e+00
3.000000000000000000e+00 8.000000000000000000e+00 0.000000000000000000e+00
3.500000000000000000e+00 8.000000000000000000e+00 0.000000000000000000e+00
4.000000000000000000e+00 8.000000000000000000e+00 0.000000000000000000e+00
4.500000000000000000e+00 8.000000000000000000e+00 0.000000000000000000e+00
5.000000000000000000e+00 8.000000000000000000e+00 0.000000000000000000e+00
5.500000000000000000e+00 7.999999999999998224e+00 0.000000000000000000e+00
6.000000000000000000e+00 8.000000000000000000e+00 0.000000000000000000e+00
6.500000000000000000e+00 8.000000000000000000e+00 0.000000000000000000e+00
7.000000000000000000e+00 8.000000000000000000e+00 0.000000000000000000e+00
7.500000000000000000e+00 8.000000000000000000e+00 0.000000000000000000e+00
8.000000000000000000e+00 8.000000000000000000e+00 0.000000000000000000e+00
8.500000000000000000e+00 8.000000000000000000e+00 0.000000000000000000e+00
9.000000000000000000e+00 8.000000000000000000e+00 0.000000000000000000e+00
9.500000000000000000e+00 8.000000000000000000e+00 0.000000000000000000e+00
1.000000000000000000e+01 8.000000000000000000e+00 0.000000000000000000e+00
1.050000000000000000e+01 8.000000000000000000e+00 0.000000000000000000e+00
1.100000000000000000e+01 8.000000000000000000e+00 0.000000000000000000e+00
1.150000000000000000e+01 8.000000000000000000e+00 0.000000000000000000e+00
1.200000000000000000e+01 8.000000000000000000e+00 0.000000000000000000e+00
1.250000000000000000e+01 8.000000000000000000e+00 0.000000000000000000e+00
1.300000000000000000e+01 8.000000000000000000e+00 0.000000000000000000e+00
1.350000000000000000e+01 8.000000000000000000e+00 0.000000000000000000e+00
1.400000000000000000e+01 8.000000000000000000e+00 0.000000000000000000e+00
1.450000000000000000e+01 8.000000000000000000e+00 0.000000000000000000e+00
1.500000000000000000e+01 8.000000000000000000e+00 0.000000000000000000e+00
0.000000000000000000e+00 8.500000000000000000e+00 0.000000000000000000e+00
5.000000000000000000e-01 8.500000000000003553e+00 0.000000000000000000e+00
1.000000000000000000e+00 8.500000000000000000e+00 0.000000000000000000e+00
1.500000000000000000e+00 8.500000000000000000e+00 0.000000000000000000e+00
2.000000000000000000e+00 8.500000000000000000e+00 0.000000000000000000e+00
2.500000000000000000e+00 8.500000000000000000e+00 0.000000000000000000e+00
3.000000000000000000e+00 8.500000000000000000e+00 0.000000000000000000e+00
3.500000000000000000e+00 8.500000000000001776e+00 0.000000000000000000e+00
4.000000000000000000e+00 8.500000000000000000e+00 0.000000000000000000e+00
4.500000000000000000e+00 8.500000000000000000e+00 0.000000000000000000e+00
5.000000000000000000e+00 8.500000000000000000e+00 0.000000000000000000e+00
5.500000000000000000e+00 8.500000000000000000e+00 0.000000000000000000e+00
6.000000000000000000e+00 8.500000000000000000e+00 0.000000000000000000e+00
6.500000000000000000e+00 8.500000000000000000e+00 0.000000000000000000e+00
7.000000000000000000e+00 8.500000000000000000e+00 0.000000000000000000e+00
7.500000000000000000e+00 8.500000000000000000e+00 0.000000000000000000e+00
8.000000000000000000e+00 8.500000000000000000e+00 0.000000000000000000e+00
8.500000000000000000e+00 8.500000000000000000e+00 0.000000000000000000e+00
9.000000000000000000e+00 8.500000000000000000e+00 0.000000000000000000e+00
9.500000000000000000e+00 8.500000000000000000e+00 0.000000000000000000e+00
1.000000000000000000e+01 8.500000000000000000e+00 0.000000000000000000e+00
1.050000000000000000e+01 8.500000000000000000e+00 0.000000000000000000e+00
1.100000000000000000e+01 8.500000000000000000e+00 0.000000000000000000e+00
1.150000000000000178e+01 8.500000000000000000e+00 0.000000000000000000e+00
1.200000000000000000e+01 8.500000000000000000e+00 0.000000000000000000e+00
1.250000000000000000e+01 8.500000000000000000e+00 0.000000000000000000e+00
1.300000000000000000e+01 8.500000000000000000e+00 0.000000000000000000e+00
1.350000000000000000e+01 8.500000000000000000e+00 0.000000000000000000e+00
1.400000000000000000e+01 8.500000000000000000e+00 0.000000000000000000e+00
1.449999999999999822e+01 8.500000000000001776e+00 0.000000000000000000e+00
1.500000000000000000e+01 8.500000000000000000e+00 0.000000000000000000e+00
0.000000000000000000e+00 9.000000000000000000e+00 0.000000000000000000e+00
5.000000000000000000e-01 9.000000000000000000e+00 0.000000000000000000e+00
1.000000000000000000e+00 9.000000000000001776e+00 0.000000000000000000e+00
1.500000000000000000e+00 8.999999999999998224e+00 0.000000000000000000e+00
2.000000000000000000e+00 9.000000000000000000e+00 0.000000000000000000e+00
2.500000000000000000e+00 9.000000000000000000e+00 0.000000000000000000e+00
3.000000000000000000e+00 9.000000000000000000e+00 0.000000000000000000e+00
3.500000000000000000e+00 9.000000000000000000e+00 0.000000000000000000e+00
4.000000000000000000e+00 9.000000000000000000e+00 0.000000000000000000e+00
4.500000000000000000e+00 9.000000000000000000e+00 0.000000000000000000e+00
5.000000000000000000e+00 9.000000000000000000e+00 0.000000000000000000e+00
5.500000000000000000e+00 8.999999999999994671e+00 0.000000000000000000e+00
6.000000000000000000e+00 9.000000000000000000e+00 0.000000000000000000e+00
6.500000000000000000e+00 9.000000000000000000e+00 0.000000000000000000e+00
7.000000000000000000e+00 9.000000000000000000e+00 0.000000000000000000e+00
7.500000000000000000e+00 9.000000000000000000e+00 0.000000000000000000e+00
8.000000000000000000e+00 9.000000000000000000e+00 0.000000000000000000e+00
8.500000000000000000e+00 9.000000000000000000e+00 0.000000000000000000e+00
9.000000000000000000e+00 9.000000000000000000e+00 0.000000000000000000e+00
9.500000000000000000e+00 9.000000000000000000e+00 0.000000000000000000e+00
1.000000000000000000e+01 9.000000000000000000e+00 0.000000000000000000e+00
1.050000000000000000e+01 9.000000000000000000e+00 0.000000000000000000e+00
1.100000000000000000e+01 9.000000000000000000e+00 0.000000000000000000e+00
1.150000000000000000e+01 9.000000000000000000e+00 0.000000000000000000e+00
1.200000000000000000e+01 9.000000000000001776e+00 0.000000000000000000e+00
1.250000000000000000e+01 9.000000000000000000e+00 0.000000000000000000e+00
1.300000000000000000e+01 9.000000000000000000e+00 0.000000000000000000e+00
1.350000000000000355e+01 9.000000000000000000e+00 0.000000000000000000e+00
1.400000000000000000e+01 9.000000000000001776e+00 0.000000000000000000e+00
1.450000000000000000e+01 9.000000000000000000e+00 0.000000000000000000e+00
1.500000000000000000e+01 9.000000000000000000e+00 0.000000000000000000e+00
0.000000000000000000e+00 9.500000000000000000e+00 0.000000000000000000e+00
5.000000000000000000e-01 9.500000000000000000e+00 0.000000000000000000e+00
1.000000000000000000e+00 9.500000000000000000e+00 0.000000000000000000e+00
1.499999999999999778e+00 9.500000000000001776e+00 0.000000000000000000e+00
2.000000000000000000e+00 9.500000000000000000e+00 0.000000000000000000e+00
2.500000000000000000e+00 9.500000000000000000e+00 0.000000000000000000e+00
3.000000000000000000e+00 9.500000000000000000e+00 0.000000000000000000e+00
3.500000000000000000e+00 9.500000000000000000e+00 0.000000000000000000e+00
4.000000000000000000e+00 9.500000000000000000e+00 0.000000000000000000e+00
4.500000000000000000e+00 9.500000000000000000e+00 0.000000000000000000e+00
5.000000000000000000e+00 9.500000000000000000e+00 0.000000000000000000e+00
5.500000000000000000e+00 9.500000000000000000e+00 0.000000000000000000e+00
5.999999999999999112e+00 9.500000000000000000e+00 0.000000000000000000e+00
6.500000000000000000e+00 9.500000000000000000e+00 0.000000000000000000e+00
7.000000000000000000e+00 9.500000000000000000e+00 0.000000000000000000e+00
7.500000000000000000e+00 9.500000000000000000e+00 0.000000000000000000e+00
8.000000000000000000e+00 9.500000000000000000e+00 0.000000000000000000e+00
8.500000000000000000e+00 9.500000000000000000e+00 0.000000000000000000e+00
9.000000000000000000e+00 9.500000000000000000e+00 0.000000000000000000e+00
9.500000000000000000e+00 9.500000000000000000e+00 0.000000000000000000e+00
1.000000000000000000e+01 9.500000000000000000e+00 0.000000000000000000e+00
1.050000000000000000e+01 9.500000000000000000e+00 0.000000000000000000e+00
1.100000000000000000e+01 9.500000000000000000e+00 0.000000000000000000e+00
1.150000000000000000e+01 9.500000000000000000e+00 0.000000000000000000e+00
1.199999999999999822e+01 9.500000000000000000e+00 0.000000000000000000e+00
1.250000000000000000e+01 9.500000000000000000e+00 0.000000000000000000e+00
1.300000000000000000e+01 9.500000000000001776e+00 0.000000000000000000e+00
1.350000000000000000e+01 9.500000000000000000e+00 0.000000000000000000e+00
1.400000000000000000e+01 9.500000000000000000e+00 0.000000000000000000e+00
1.450000000000000000e+01 9.500000000000000000e+00 0.000000000000000000e+00
1.500000000000000000e+01 9.500000000000000000e+00 0.000000000000000000e+00
0.000000000000000000e+00 1.000000000000000000e+01 0.000000000000000000e+00
5.000000000000000000e-01 9.999999999999996447e+00 0.000000000000000000e+00
1.000000000000000000e+00 1.000000000000000355e+01 0.000000000000000000e+00
1.500000000000000000e+00 1.000000000000000000e+01 0.000000000000000000e+00
2.000000000000000000e+00 1.000000000000000000e+01 0.000000000000000000e+00
2.500000000000000000e+00 1.000000000000000178e+01 0.000000000000000000e+00
3.000000000000000000e+00 1.000000000000000000e+01 0.000000000000000000e+00
3.499999999999999556e+00 9.999999999999996447e+00 0.000000000000000000e+00
4.000000000000000000e+00 1.000000000000000178e+01 0.000000000000000000e+00
4.500000000000000000e+00 1.000000000000000178e+01 0.000000000000000000e+00
5.000000000000000000e+00 1.000000000000000533e+01 0.000000000000000000e+00
5.500000000000000000e+00 9.999999999999996447e+00 0.000000000000000000e+00
6.000000000000000000e+00 1.000000000000000000e+01 0.000000000000000000e+00
6.500000000000000000e+00 1.000000000000000000e+01 0.000000000000000000e+00
6.999999999999999112e+00 1.000000000000000000e+01 0.000000000000000000e+00
7.500000000000000000e+00 1.000000000000000000e+01 0.000000000000000000e+00
8.000000000000000000e+00 1.000000000000000000e+01 0.000000000000000000e+00
8.500000000000000000e+00 1.000000000000000000e+01 0.000000000000000000e+00
9.000000000000000000e+00 1.000000000000000000e+01 0.000000000000000000e+00
9.500000000000000000e+00 1.000000000000000000e+01 0.000000000000000000e+00
1.000000000000000000e+01 1.000000000000000000e+01 0.000000000000000000e+00
1.050000000000000000e+01 1.000000000000000000e+01 0.000000000000000000e+00
1.100000000000000000e+01 1.000000000000000000e+01 0.000000000000000000e+00
1.150000000000000000e+01 9.999999999999998224e+00 0.000000000000000000e+00
1.200000000000000000e+01 1.000000000000000000e+01 0.000000000000000000e+00
1.250000000000000178e+01 1.000000000000000000e+01 0.000000000000000000e+00
1.300000000000000000e+01 1.000000000000000000e+01 0.000000000000000000e+00
1.350000000000000000e+01 1.000000000000000000e+01 0.000000000000000000e+00
1.399999999999999822e+01 1.000000000000000000e+01 0.000000000000000000e+00
1.449999999999999289e+01 1.000000000000000000e+01 0.000000000000000000e+00
1.500000000000000000e+01 1.000000000000000000e+01 0.000000000000000000e+00
0.000000000000000000e+00 1.050000000000000000e+01 0.000000000000000000e+00
5.000000000000000000e-01 1.050000000000000000e+01 0.000000000000000000e+00
1.000000000000000000e+00 1.050000000000000000e+01 0.000000000000000000e+00
1.500000000000000000e+00 1.050000000000000355e+01 0.000000000000000000e+00
2.000000000000000000e+00 1.050000000000000000e+01 0.000000000000000000e+00
2.500000000000000000e+00 1.050000000000000355e+01 0.000000000000000000e+00
3.000000000000000000e+00 1.050000000000000178e+01 0.000000000000000000e+00
3.500000000000000000e+00 1.049999999999999645e+01 0.000000000000000000e+00
4.000000000000000000e+00 1.050000000000000355e+01 0.000000000000000000e+00
4.500000000000000000e+00 1.050000000000000178e+01 0.000000000000000000e+00
5.000000000000000000e+00 1.050000000000000000e+01 0.000000000000000000e+00
5.500000000000000000e+00 1.050000000000000000e+01 0.000000000000000000e+00
6.000000000000000000e+00 1.050000000000000000e+01 0.000000000000000000e+00
6.500000000000000000e+00 1.050000000000000000e+01 0.000000000000000000e+00
7.000000000000000000e+00 1.050000000000000000e+01 0.000000000000000000e+00
7.500000000000000000e+00 1.050000000000000000e+01 0.000000000000000000e+00
8.000000000000000000e+00 1.050000000000000000e+01 0.000000000000000000e+00
8.500000000000000000e+00 1.050000000000000000e+01 0.000000000000000000e+00
9.000000000000000000e+00 1.050000000000000000e+01 0.000000000000000000e+00
9.500000000000000000e+00 1.050000000000000000e+01 0.000000000000000000e+00
1.000000000000000000e+01 1.050000000000000000e+01 0.000000000000000000e+00
1.050000000000000000e+01 1.050000000000000000e+01 0.000000000000000000e+00
1.100000000000000000e+01 1.050000000000000178e+01 0.000000000000000000e+00
1.150000000000000000e+01 1.050000000000000000e+01 0.000000000000000000e+00
1.200000000000000000e+01 1.050000000000000178e+01 0.000000000000000000e+00
1.250000000000000000e+01 1.050000000000000178e+01 0.000000000000000000e+00
1.300000000000000000e+01 1.050000000000000000e+01 0.000000000000000000e+00
1.350000000000000355e+01 1.050000000000000178e+01 0.000000000000000000e+00
1.400000000000000000e+01 1.050000000000000000e+01 0.000000000000000000e+00
1.450000000000000000e+01 1.050000000000000000e+01 0.000000000000000000e+00
1.500000000000000000e+01 1.050000000000000000e+01 0.000000000000000000e+00
0.000000000000000000e+00 1.100000000000000000e+01 0.000000000000000000e+00
5.000000000000000000e-01 1.100000000000000178e+01 0.000000000000000000e+00
1.000000000000000000e+00 1.100000000000000178e+01 0.000000000000000000e+00
1.499999999999999778e+00 1.100000000000000178e+01 0.000000000000000000e+00
2.000000000000000000e+00 1.099999999999999645e+01 0.000000000000000000e+00
2.500000000000000000e+00 1.100000000000000000e+01 0.000000000000000000e+00
2.999999999999999556e+00 1.099999999999999645e+01 0.000000000000000000e+00
3.500000000000000000e+00 1.100000000000000000e+01 0.000000000000000000e+00
4.000000000000000000e+00 1.099999999999999822e+01 0.000000000000000000e+00
4.500000000000000000e+00 1.100000000000000000e+01 0.000000000000000000e+00
5.000000000000000000e+00 1.100000000000000178e+01 0.000000000000000000e+00
5.500000000000000888e+00 1.099999999999999645e+01 0.000000000000000000e+00
5.999999999999999112e+00 1.100000000000000000e+01 0.000000000000000000e+00
6.500000000000000000e+00 1.100000000000000000e+01 0.000000000000000000e+00
7.000000000000000000e+00 1.100000000000000000e+01 0.000000000000000000e+00
7.500000000000000000e+00 1.100000000000000000e+01 0.000000000000000000e+00
8.000000000000000000e+00 1.100000000000000000e+01 0.000000000000000000e+00
8.500000000000000000e+00 1.100000000000000000e+01 0.000000000000000000e+00
9.000000000000000000e+00 1.100000000000000000e+01 0.000000000000000000e+00
9.500000000000000000e+00 1.100000000000000000e+01 0.000000000000000000e+00
1.000000000000000000e+01 1.100000000000000000e+01 0.000000000000000000e+00
1.050000000000000178e+01 1.100000000000000000e+01 0.000000000000000000e+00
1.100000000000000178e+01 1.100000000000000178e+01 0.000000000000000000e+00
1.150000000000000000e+01 1.099999999999999822e+01 0.000000000000000000e+00
1.199999999999999822e+01 1.100000000000000000e+01 0.000000000000000000e+00
1.249999999999999645e+01 1.100000000000000000e+01 0.000000000000000000e+00
1.300000000000000000e+01 1.100000000000000000e+01 0.000000000000000000e+00
1.349999999999999822e+01 1.100000000000000000e+01 0.000000000000000000e+00
1.400000000000000000e+01 1.100000000000000178e+01 0.000000000000000000e+00
1.449999999999999822e+01 1.100000000000000178e+01 0.000000000000000000e+00
1.500000000000000000e+01 1.100000000000000000e+01 0.000000000000000000e+00
0.000000000000000000e+00 1.150000000000000000e+01 0.000000000000000000e+00
5.000000000000000000e-01 1.150000000000000178e+01 0.000000000000000000e+00
1.000000000000000000e+00 1.150000000000000000e+01 0.000000000000000000e+00
1.500000000000000000e+00 1.150000000000000000e+01 0.000000000000000000e+00
2.000000000000000000e+00 1.150000000000000178e+01 0.000000000000000000e+00
2.499999999999999556e+00 1.150000000000000533e+01 0.000000000000000000e+00
3.000000000000000000e+00 1.150000000000000355e+01 0.000000000000000000e+00
3.500000000000000000e+00 1.150000000000000000e+01 0.000000000000000000e+00
4.000000000000000000e+00 1.150000000000000000e+01 0.000000000000000000e+00
4.500000000000000000e+00 1.149999999999999822e+01 0.000000000000000000e+00
4.999999999999999112e+00 1.150000000000000000e+01 0.000000000000000000e+00
5.499999999999999112e+00 1.150000000000000000e+01 0.000000000000000000e+00
6.000000000000000000e+00 1.150000000000000000e+01 0.000000000000000000e+00
6.500000000000000000e+00 1.150000000000000178e+01 0.000000000000000000e+00
7.000000000000000000e+00 1.150000000000000000e+01 0.000000000000000000e+00
7.500000000000000000e+00 1.150000000000000000e+01 0.000000000000000000e+00
8.000000000000000000e+00 1.150000000000000000e+01 0.000000000000000000e+00
8.500000000000000000e+00 1.150000000000000178e+01 0.000000000000000000e+00
9.000000000000000000e+00 1.150000000000000000e+01 0.000000000000000000e+00
9.500000000000000000e+00 1.150000000000000000e+01 0.000000000000000000e+00
9.999999999999998224e+00 1.150000000000000000e+01 0.000000000000000000e+00
1.050000000000000000e+01 1.150000000000000000e+01 0.000000000000000000e+00
1.099999999999999822e+01 1.150000000000000000e+01 0.000000000000000000e+00
1.150000000000000000e+01 1.150000000000000000e+01 0.000000000000000000e+00
1.200000000000000000e+01 1.150000000000000178e+01 0.000000000000000000e+00
1.250000000000000000e+01 1.150000000000000178e+01 0.000000000000000000e+00
1.300000000000000000e+01 1.150000000000000178e+01 0.000000000000000000e+00
1.350000000000000000e+01 1.150000000000000000e+01 0.000000000000000000e+00
1.400000000000000000e+01 1.150000000000000178e+01 0.000000000000000000e+00
1.450000000000000000e+01 1.150000000000000178e+01 0.000000000000000000e+00
1.500000000000000000e+01 1.150000000000000000e+01 0.000000000000000000e+00
0.000000000000000000e+00 1.200000000000000000e+01 0.000000000000000000e+00
5.000000000000000000e-01 1.199999999999999822e+01 0.000000000000000000e+00
1.000000000000000000e+00 1.199999999999999822e+01 0.000000000000000000e+00
1.500000000000000000e+00 1.200000000000000000e+01 0.000000000000000000e+00
2.000000000000000000e+00 1.200000000000000000e+01 0.000000000000000000e+00
2.500000000000000000e+00 1.199999999999999822e+01 0.000000000000000000e+00
3.000000000000000000e+00 1.199999999999999822e+01 0.000000000000000000e+00
3.500000000000000000e+00 1.199999999999999645e+01 0.000000000000000000e+00
4.000000000000000000e+00 1.200000000000000000e+01 0.000000000000000000e+00
4.500000000000000000e+00 1.199999999999999822e+01 0.000000000000000000e+00
5.000000000000000000e+00 1.199999999999999822e+01 0.000000000000000000e+00
5.500000000000000000e+00 1.200000000000000000e+01 0.000000000000000000e+00
6.000000000000000000e+00 1.200000000000000000e+01 0.000000000000000000e+00
6.500000000000000000e+00 1.200000000000000000e+01 0.000000000000000000e+00
7.000000000000000000e+00 1.200000000000000000e+01 0.000000000000000000e+00
7.500000000000000000e+00 1.200000000000000000e+01 0.000000000000000000e+00
8.000000000000000000e+00 1.200000000000000000e+01 0.000000000000000000e+00
8.500000000000000000e+00 1.200000000000000000e+01 0.000000000000000000e+00
9.000000000000001776e+00 1.200000000000000000e+01 0.000000000000000000e+00
9.500000000000000000e+00 1.199999999999999822e+01 0.000000000000000000e+00
1.000000000000000000e+01 1.200000000000000000e+01 0.000000000000000000e+00
1.050000000000000178e+01 1.200000000000000000e+01 0.000000000000000000e+00
1.100000000000000000e+01 1.199999999999999822e+01 0.000000000000000000e+00
1.150000000000000178e+01 1.200000000000000000e+01 0.000000000000000000e+00
1.200000000000000000e+01 1.200000000000000000e+01 0.000000000000000000e+00
1.249999999999999822e+01 1.199999999999999822e+01 0.000000000000000000e+00
1.300000000000000000e+01 1.200000000000000000e+01 0.000000000000000000e+00
1.350000000000000000e+01 1.200000000000000000e+01 0.000000000000000000e+00
1.400000000000000000e+01 1.200000000000000000e+01 0.000000000000000000e+00
1.450000000000000355e+01 1.200000000000000000e+01 0.000000000000000000e+00
1.500000000000000000e+01 1.200000000000000000e+01 0.000000000000000000e+00
0.000000000000000000e+00 1.250000000000000000e+01 0.000000000000000000e+00
5.000000000000000000e-01 1.250000000000000355e+01 0.000000000000000000e+00
1.000000000000000000e+00 1.249999999999999645e+01 0.000000000000000000e+00
1.499999999999999778e+00 1.250000000000000000e+01 0.000000000000000000e+00
2.000000000000000000e+00 1.250000000000000000e+01 0.000000000000000000e+00
2.500000000000000000e+00 1.250000000000000000e+01 0.000000000000000000e+00
2.999999999999999556e+00 1.250000000000000000e+01 0.000000000000000000e+00
3.500000000000000444e+00 1.250000000000000000e+01 0.000000000000000000e+00
4.000000000000000000e+00 1.249999999999999822e+01 0.000000000000000000e+00
4.500000000000000000e+00 1.250000000000000000e+01 0.000000000000000000e+00
5.000000000000000000e+00 1.250000000000000355e+01 0.000000000000000000e+00
5.500000000000000000e+00 1.249999999999999822e+01 0.000000000000000000e+00
5.999999999999999112e+00 1.250000000000000000e+01 0.000000000000000000e+00
6.499999999999999112e+00 1.250000000000000000e+01 0.000000000000000000e+00
7.000000000000000000e+00 1.250000000000000000e+01 0.000000000000000000e+00
7.500000000000000000e+00 1.250000000000000000e+01 0.000000000000000000e+00
8.000000000000000000e+00 1.250000000000000000e+01 0.000000000000000000e+00
8.500000000000000000e+00 1.250000000000000000e+01 0.000000000000000000e+00
9.000000000000000000e+00 1.250000000000000000e+01 0.000000000000000000e+00
9.500000000000000000e+00 1.250000000000000000e+01 0.000000000000000000e+00
1.000000000000000000e+01 1.250000000000000533e+01 0.000000000000000000e+00
1.050000000000000178e+01 1.250000000000000355e+01 0.000000000000000000e+00
1.100000000000000000e+01 1.249999999999999645e+01 0.000000000000000000e+00
1.150000000000000178e+01 1.250000000000000000e+01 0.000000000000000000e+00
1.199999999999999822e+01 1.249999999999999822e+01 0.000000000000000000e+00
1.250000000000000000e+01 1.250000000000000000e+01 0.000000000000000000e+00
1.299999999999999822e+01 1.249999999999999822e+01 0.000000000000000000e+00
1.350000000000000000e+01 1.249999999999999645e+01 0.000000000000000000e+00
1.400000000000000000e+01 1.250000000000000000e+01 0.000000000000000000e+00
1.450000000000000000e+01 1.250000000000000000e+01 0.000000000000000000e+00
1.500000000000000000e+01 1.250000000000000000e+01 0.000000000000000000e+00
0.000000000000000000e+00 1.300000000000000000e+01 0.000000000000000000e+00
5.000000000000000000e-01 1.299999999999999822e+01 0.000000000000000000e+00
1.000000000000000000e+00 1.300000000000000000e+01 0.000000000000000000e+00
1.500000000000000000e+00 1.300000000000000178e+01 0.000000000000000000e+00
2.000000000000000000e+00 1.300000000000000000e+01 0.000000000000000000e+00
2.500000000000000000e+00 1.300000000000000178e+01 0.000000000000000000e+00
3.000000000000000000e+00 1.300000000000000000e+01 0.000000000000000000e+00
3.500000000000000000e+00 1.299999999999999467e+01 0.000000000000000000e+00
4.000000000000000000e+00 1.300000000000000355e+01 0.000000000000000000e+00
4.500000000000000000e+00 1.300000000000000000e+01 0.000000000000000000e+00
5.000000000000000000e+00 1.300000000000000355e+01 0.000000000000000000e+00
5.500000000000000000e+00 1.300000000000000000e+01 0.000000000000000000e+00
6.000000000000000000e+00 1.300000000000000000e+01 0.000000000000000000e+00
6.500000000000000000e+00 1.300000000000000000e+01 0.000000000000000000e+00
7.000000000000000000e+00 1.300000000000000000e+01 0.000000000000000000e+00
7.500000000000000000e+00 1.300000000000000000e+01 0.000000000000000000e+00
8.000000000000000000e+00 1.300000000000000000e+01 0.000000000000000000e+00
8.500000000000000000e+00 1.300000000000000000e+01 0.000000000000000000e+00
9.000000000000000000e+00 1.300000000000000000e+01 0.000000000000000000e+00
9.500000000000001776e+00 1.300000000000000000e+01 0.000000000000000000e+00
1.000000000000000000e+01 1.300000000000000000e+01 0.000000000000000000e+00
1.050000000000000000e+01 1.300000000000000000e+01 0.000000000000000000e+00
1.100000000000000000e+01 1.300000000000000000e+01 0.000000000000000000e+00
1.150000000000000178e+01 1.300000000000000000e+01 0.000000000000000000e+00
1.200000000000000000e+01 1.300000000000000000e+01 0.000000000000000000e+00
1.249999999999999822e+01 1.299999999999999822e+01 0.000000000000000000e+00
1.300000000000000000e+01 1.300000000000000000e+01 0.000000000000000000e+00
1.350000000000000000e+01 1.300000000000000000e+01 0.000000000000000000e+00
1.400000000000000000e+01 1.300000000000000000e+01 0.000000000000000000e+00
1.449999999999999822e+01 1.299999999999999822e+01 0.000000000000000000e+00
1.500000000000000000e+01 1.300000000000000000e+01 0.000000000000000000e+00
0.000000000000000000e+00 1.350000000000000000e+01 0.000000000000000000e+00
5.000000000000000000e-01 1.350000000000000000e+01 0.000000000000000000e+00
1.000000000000000000e+00 1.349999999999999645e+01 0.000000000000000000e+00
1.500000000000000000e+00 1.350000000000000000e+01 0.000000000000000000e+00
2.000000000000000000e+00 1.350000000000000355e+01 0.000000000000000000e+00
2.500000000000000000e+00 1.350000000000000000e+01 0.000000000000000000e+00
2.999999999999999556e+00 1.350000000000000000e+01 0.000000000000000000e+00
3.500000000000000000e+00 1.349999999999999467e+01 0.000000000000000000e+00
4.000000000000000000e+00 1.350000000000000000e+01 0.000000000000000000e+00
4.499999999999999112e+00 1.350000000000000000e+01 0.000000000000000000e+00
5.000000000000000000e+00 1.350000000000000355e+01 0.000000000000000000e+00
5.500000000000000000e+00 1.349999999999999645e+01 0.000000000000000000e+00
5.999999999999999112e+00 1.350000000000000000e+01 0.000000000000000000e+00
6.500000000000000000e+00 1.350000000000000000e+01 0.000000000000000000e+00
6.999999999999999112e+00 1.350000000000000000e+01 0.000000000000000000e+00
7.500000000000000000e+00 1.350000000000000000e+01 0.000000000000000000e+00
8.000000000000000000e+00 1.350000000000000000e+01 0.000000000000000000e+00
8.500000000000000000e+00 1.350000000000000000e+01 0.000000000000000000e+00
9.000000000000000000e+00 1.350000000000000000e+01 0.000000000000000000e+00
9.500000000000000000e+00 1.350000000000000000e+01 0.000000000000000000e+00
1.000000000000000000e+01 1.350000000000000000e+01 0.000000000000000000e+00
1.050000000000000178e+01 1.350000000000000711e+01 0.000000000000000000e+00
1.100000000000000000e+01 1.350000000000000178e+01 0.000000000000000000e+00
1.150000000000000000e+01 1.350000000000000000e+01 0.000000000000000000e+00
1.200000000000000000e+01 1.350000000000000000e+01 0.000000000000000000e+00
1.249999999999999289e+01 1.350000000000000000e+01 0.000000000000000000e+00
1.300000000000000000e+01 1.350000000000000000e+01 0.000000000000000000e+00
1.350000000000000000e+01 1.350000000000000000e+01 0.000000000000000000e+00
1.399999999999999822e+01 1.349999999999999822e+01 0.000000000000000000e+00
1.450000000000000000e+01 1.350000000000000000e+01 0.000000000000000000e+00
1.500000000000000000e+01 1.350000000000000000e+01 0.000000000000000000e+00
0.000000000000000000e+00 1.400000000000000000e+01 0.000000000000000000e+00
5.000000000000000000e-01 1.399999999999999645e+01 0.000000000000000000e+00
1.000000000000000000e+00 1.399999999999999822e+01 0.000000000000000000e+00
1.499999999999999778e+00 1.399999999999999822e+01 0.000000000000000000e+00
2.000000000000000000e+00 1.400000000000000000e+01 0.000000000000000000e+00
2.500000000000000000e+00 1.400000000000000000e+01 0.000000000000000000e+00
3.000000000000000000e+00 1.400000000000000178e+01 0.000000000000000000e+00
3.499999999999999556e+00 1.400000000000000000e+01 0.000000000000000000e+00
4.000000000000000000e+00 1.400000000000000000e+01 0.000000000000000000e+00
4.500000000000000888e+00 1.399999999999999645e+01 0.000000000000000000e+00
5.000000000000000000e+00 1.400000000000000355e+01 0.000000000000000000e+00
5.500000000000000888e+00 1.400000000000000000e+01 0.000000000000000000e+00
6.000000000000000000e+00 1.400000000000000000e+01 0.000000000000000000e+00
6.500000000000000000e+00 1.400000000000000000e+01 0.000000000000000000e+00
6.999999999999999112e+00 1.400000000000000000e+01 0.000000000000000000e+00
7.500000000000000000e+00 1.400000000000000000e+01 0.000000000000000000e+00
8.000000000000000000e+00 1.400000000000000000e+01 0.000000000000000000e+00
8.500000000000000000e+00 1.400000000000000000e+01 0.000000000000000000e+00
9.000000000000001776e+00 1.400000000000000000e+01 0.000000000000000000e+00
9.500000000000000000e+00 1.400000000000000000e+01 0.000000000000000000e+00
1.000000000000000000e+01 1.399999999999999822e+01 0.000000000000000000e+00
1.050000000000000000e+01 1.400000000000000000e+01 0.000000000000000000e+00
1.100000000000000178e+01 1.400000000000000000e+01 0.000000000000000000e+00
1.150000000000000178e+01 1.400000000000000000e+01 0.000000000000000000e+00
1.200000000000000000e+01 1.400000000000000000e+01 0.000000000000000000e+00
1.250000000000000000e+01 1.400000000000000000e+01 0.000000000000000000e+00
1.300000000000000000e+01 1.400000000000000000e+01 0.000000000000000000e+00
1.349999999999999822e+01 1.399999999999999822e+01 0.000000000000000000e+00
1.399999999999999822e+01 1.399999999999999822e+01 0.000000000000000000e+00
1.450000000000000000e+01 1.400000000000000000e+01 0.000000000000000000e+00
1.500000000000000000e+01 1.400000000000000000e+01 0.000000000000000000e+00
0.000000000000000000e+00 1.450000000000000000e+01 0.000000000000000000e+00
5.000000000000000000e-01 1.450000000000000178e+01 0.000000000000000000e+00
1.000000000000000000e+00 1.449999999999999645e+01 0.000000000000000000e+00
1.499999999999999778e+00 1.450000000000000000e+01 0.000000000000000000e+00
2.000000000000000000e+00 1.450000000000000000e+01 0.000000000000000000e+00
2.500000000000000000e+00 1.450000000000000355e+01 0.000000000000000000e+00
3.000000000000000000e+00 1.449999999999999822e+01 0.000000000000000000e+00
3.500000000000000000e+00 1.449999999999999645e+01 0.000000000000000000e+00
4.000000000000000000e+00 1.450000000000000000e+01 0.000000000000000000e+00
4.500000000000000000e+00 1.450000000000000178e+01 0.000000000000000000e+00
5.000000000000000000e+00 1.450000000000000355e+01 0.000000000000000000e+00
5.500000000000000888e+00 1.450000000000000000e+01 0.000000000000000000e+00
5.999999999999999112e+00 1.450000000000000000e+01 0.000000000000000000e+00
6.499999999999999112e+00 1.450000000000000178e+01 0.000000000000000000e+00
7.000000000000000000e+00 1.450000000000000000e+01 0.000000000000000000e+00
7.500000000000000000e+00 1.450000000000000000e+01 0.000000000000000000e+00
8.000000000000000000e+00 1.450000000000000000e+01 0.000000000000000000e+00
8.500000000000001776e+00 1.449999999999999822e+01 0.000000000000000000e+00
9.000000000000000000e+00 1.450000000000000000e+01 0.000000000000000000e+00
9.500000000000000000e+00 1.450000000000000000e+01 0.000000000000000000e+00
1.000000000000000000e+01 1.449999999999999645e+01 0.000000000000000000e+00
1.050000000000000000e+01 1.450000000000000000e+01 0.000000000000000000e+00
1.100000000000000178e+01 1.450000000000000178e+01 0.000000000000000000e+00
1.150000000000000178e+01 1.450000000000000000e+01 0.000000000000000000e+00
1.200000000000000000e+01 1.450000000000000355e+01 0.000000000000000000e+00
1.250000000000000000e+01 1.450000000000000000e+01 0.000000000000000000e+00
1.299999999999999822e+01 1.449999999999999822e+01 0.000000000000000000e+00
1.350000000000000000e+01 1.450000000000000000e+01 0.000000000000000000e+00
1.400000000000000000e+01 1.450000000000000000e+01 0.000000000000000000e+00
1.450000000000000178e+01 1.450000000000000178e+01 0.000000000000000000e+00
1.500000000000000000e+01 1.450000000000000000e+01 0.000000000000000000e+00
0.000000000000000000e+00 1.500000000000000000e+01 0.000000000000000000e+00
5.000000000000000000e-01 1.500000000000000000e+01 0.000000000000000000e+00
1.000000000000000000e+00 1.500000000000000000e+01 0.000000000000000000e+00
1.500000000000000000e+00 1.500000000000000000e+01 0.000000000000000000e+00
2.000000000000000000e+00 1.500000000000000000e+01 0.000000000000000000e+00
2.500000000000000000e+00 1.500000000000000000e+01 0.000000000000000000e+00
3.000000000000000000e+00 1.500000000000000000e+01 0.000000000000000000e+00
3.500000000000000000e+00 1.500000000000000000e+01 0.000000000000000000e+00
4.000000000000000000e+00 1.500000000000000000e+01 0.000000000000000000e+00
4.500000000000000000e+00 1.500000000000000000e+01 0.000000000000000000e+00
5.000000000000000000e+00 1.500000000000000178e+01 0.000000000000000000e+00
5.500000000000000000e+00 1.500000000000000000e+01 0.000000000000000000e+00
6.000000000000000000e+00 1.500000000000000000e+01 0.000000000000000000e+00
6.500000000000000000e+00 1.500000000000000000e+01 0.000000000000000000e+00
7.000000000000000000e+00 1.500000000000000000e+01 0.000000000000000000e+00
7.500000000000000000e+00 1.500000000000000000e+01 0.000000000000000000e+00
8.000000000000000000e+00 1.500000000000000000e+01 0.000000000000000000e+00
8.500000000000000000e+00 1.500000000000000000e+01 0.000000000000000000e+00
9.000000000000000000e+00 1.500000000000000000e+01 0.000000000000000000e+00
9.500000000000000000e+00 1.500000000000000000e+01 0.000000000000000000e+00
1.000000000000000000e+01 1.500000000000000000e+01 0.000000000000000000e+00
1.050000000000000000e+01 1.500000000000000000e+01 0.000000000000000000e+00
1.100000000000000000e+01 1.500000000000000000e+01 0.000000000000000000e+00
1.150000000000000000e+01 1.500000000000000000e+01 0.000000000000000000e+00
1.200000000000000000e+01 1.500000000000000000e+01 0.000000000000000000e+00
1.250000000000000000e+01 1.500000000000000000e+01 0.000000000000000000e+00
1.300000000000000000e+01 1.500000000000000000e+01 0.000000000000000000e+00
1.350000000000000000e+01 1.500000000000000000e+01 0.000000000000000000e+00
1.400000000000000000e+01 1.500000000000000000e+01 0.000000000000000000e+00
1.450000000000000000e+01 1.500000000000000000e+01 0.000000000000000000e+00
1.500000000000000000e+01 1.500000000000000000e+01 0.000000000000000000e+00
ntags: 4
tag[0]: 
tag[1]: 
tag[2]: 
tag[3]: 
